types_number 2
type 1 Bi3+
type 2 O2-
lattice_constant_a 11.19761
lattice_constant_b 11.19761
lattice_constant_c 11.19761
particles_number 111
Coordinates:
1 Bi3+ 0 5.598805 0
2 Bi3+ 0 0 0
3 Bi3+ 2.4959474 2.7994025 0
4 Bi3+ 8.701663 8.3982077 0
5 Bi3+ 5.598805 0 0
6 Bi3+ 5.598805 5.598805 0
7 Bi3+ 3.1028581 8.3982077 0
8 Bi3+ 8.0947523 2.7994025 0
9 Bi3+ 8.3982077 0 2.4959474
10 Bi3+ 0 2.4959474 2.7994025
11 Bi3+ 2.7994025 0 3.1028581
12 Bi3+ 8.3982077 5.598805 3.1028581
13 Bi3+ 2.7994025 5.598805 2.4959474
14 Bi3+ 5.598805 8.701663 2.7994025
15 Bi3+ 5.598805 3.1028581 2.7994025
16 Bi3+ 0 8.0947523 2.7994025
17 Bi3+ 0 0 5.598805
18 Bi3+ 5.598805 5.598805 5.598805
19 Bi3+ 5.598805 0 5.598805
20 Bi3+ 0 5.598805 5.598805
21 Bi3+ 2.4959474 8.3982077 5.598805
22 Bi3+ 8.701663 2.7994025 5.598805
23 Bi3+ 3.1028581 2.7994025 5.598805
24 Bi3+ 8.0947523 8.3982077 5.598805
25 Bi3+ 2.7994025 0 8.701663
26 Bi3+ 0 8.701663 8.3982077
27 Bi3+ 8.3982077 0 8.0947523
28 Bi3+ 2.7994025 5.598805 8.0947523
29 Bi3+ 8.3982077 5.598805 8.701663
30 Bi3+ 5.598805 2.4959474 8.3982077
31 Bi3+ 0 3.1028581 8.3982077
32 Bi3+ 5.598805 8.0947523 8.3982077
33 O2- 1.4321743 1.0772101 1.634851
34 O2- 9.7654352 6.6760149 1.634851
35 O2- 10.120399 9.5627584 1.4321743
36 O2- 6.6760149 1.6348513 1.4321743
37 O2- 9.5627584 1.4321743 1.0772099
38 O2- 1.0772099 3.9639535 1.4321743
39 O2- 3.9639535 4.1666307 1.0772101
40 O2- 7.2336564 9.7654352 1.0772099
41 O2- 7.0309792 4.521595 1.6348513
42 O2- 4.1666307 10.120399 1.6348513
43 O2- 1.6348513 7.0309792 1.0772099
44 O2- 4.521595 7.2336564 1.4321743
45 O2- 1.634851 1.4321743 4.521595
46 O2- 6.6760149 7.2336564 4.1666307
47 O2- 7.0309792 10.120399 3.9639535
48 O2- 4.1666307 4.521595 3.9639535
49 O2- 9.5627584 7.0309792 4.521595
50 O2- 4.521595 1.634851 4.1666307
51 O2- 1.0772099 9.5627584 4.1666307
52 O2- 1.4321743 6.6760149 3.9639535
53 O2- 9.7654352 1.0772099 3.9639535
54 O2- 3.9639535 9.7654352 4.521595
55 O2- 7.2336564 4.1666307 4.521595
56 O2- 10.120399 3.9639535 4.1666307
57 O2- 9.5627584 9.7654352 6.6760149
58 O2- 10.120399 1.634851 7.0309792
59 O2- 9.7654352 4.521595 7.2336564
60 O2- 1.4321743 10.120399 7.2336564
61 O2- 7.2336564 1.4321743 6.6760149
62 O2- 3.9639535 7.0309792 6.6760149
63 O2- 1.0772101 7.2336564 7.0309792
64 O2- 4.521595 3.9639535 7.0309792
65 O2- 4.1666307 1.0772099 7.2336564
66 O2- 7.0309792 6.6760149 7.2336564
67 O2- 1.6348513 4.1666307 6.6760149
68 O2- 6.6760149 9.5627584 7.0309792
69 O2- 4.521595 9.5627584 9.7654352
70 O2- 1.634851 9.7654352 10.120399
71 O2- 9.7654352 10.120399 9.5627584
72 O2- 1.4321743 4.521595 9.5627584
73 O2- 1.0772099 1.6348513 9.7654352
74 O2- 4.1666307 6.6760149 9.5627584
75 O2- 7.0309792 1.0772099 9.5627584
76 O2- 9.5627584 4.1666307 10.120399
77 O2- 6.6760149 3.9639535 9.7654352
78 O2- 10.120399 7.2336564 9.7654352
79 O2- 7.2336564 7.0309792 10.120399
80 O2- 3.9639535 1.4321743 10.120399
81 Bi3+ 11.19761 5.598805 11.19761
82 Bi3+ 11.19761 11.19761 11.19761
83 Bi3+ 2.4959474 2.7994025 11.19761
84 Bi3+ 8.701663 8.3982077 11.19761
85 Bi3+ 5.598805 11.19761 11.19761
86 Bi3+ 5.598805 5.598805 11.19761
87 Bi3+ 3.1028581 8.3982077 11.19761
88 Bi3+ 8.0947523 2.7994025 11.19761
89 Bi3+ 8.3982077 11.19761 2.4959474
90 Bi3+ 11.19761 2.4959474 2.7994025
91 Bi3+ 2.7994025 11.19761 3.1028581
92 Bi3+ 11.19761 8.0947523 2.7994025
93 Bi3+ 11.19761 11.19761 5.598805
94 Bi3+ 5.598805 11.19761 5.598805
95 Bi3+ 11.19761 5.598805 5.598805
96 Bi3+ 2.7994025 11.19761 8.701663
97 Bi3+ 11.19761 8.701663 8.3982077
98 Bi3+ 8.3982077 11.19761 8.0947523
99 Bi3+ 11.19761 3.1028581 8.3982077
100 Bi3+ 11.19761 11.19761 0
101 Bi3+ 11.19761 0 11.19761
102 Bi3+ 0 11.19761 11.19761
103 Bi3+ 0 0 11.19761
104 Bi3+ 11.19761 0 0
105 Bi3+ 0 11.19761 0
106 Bi3+ 11.19761 5.598805 0
107 Bi3+ 0 5.598805 11.19761
108 Bi3+ 5.598805 0 11.19761
109 Bi3+ 5.598805 11.19761 0
110 Bi3+ 11.19761 0 5.598805
111 Bi3+ 0 11.19761 5.598805
